# Year   Population (averaged from multiple sources)
-1.000000000000000000e+04 4.000000000000000000e+00
-8.000000000000000000e+03 5.320000000000000284e+00
-5.000000000000000000e+03 2.250000000000000000e+01
-4.000000000000000000e+03 4.675000000000000000e+01
-3.000000000000000000e+03 1.400000000000000000e+01
-2.000000000000000000e+03 2.700000000000000000e+01
-1.600000000000000000e+03 7.000000000000000000e+01
-1.000000000000000000e+03 5.000000000000000000e+01
-8.000000000000000000e+02 1.000000000000000000e+02
-5.000000000000000000e+02 1.000000000000000000e+02
-4.000000000000000000e+02 1.575000000000000000e+02
-2.000000000000000000e+02 2.020000000000000000e+02
1.000000000000000000e+00 2.350000000000000000e+02
1.400000000000000000e+01 2.560000000000000000e+02
2.000000000000000000e+02 2.343333333330000130e+02
3.500000000000000000e+02 2.540000000000000000e+02
4.000000000000000000e+02 2.006666666669999870e+02
5.000000000000000000e+02 1.985000000000000000e+02
6.000000000000000000e+02 2.127500000000000000e+02
7.000000000000000000e+02 2.076666666669999870e+02
8.000000000000000000e+02 2.322500000000000000e+02
9.000000000000000000e+02 2.293333333330000130e+02
1.000000000000000000e+03 2.786666666670000154e+02
1.100000000000000000e+03 3.066666666670000154e+02
1.200000000000000000e+03 3.860000000000000000e+02
1.250000000000000000e+03 4.170000000000000000e+02
1.300000000000000000e+03 4.076666666670000154e+02
1.340000000000000000e+03 4.100000000000000000e+02
1.400000000000000000e+03 3.663333333329999846e+02
1.500000000000000000e+03 4.588333333329999846e+02
1.600000000000000000e+03 5.500000000000000000e+02
1.650000000000000000e+03 5.353333333330000414e+02
1.700000000000000000e+03 6.525000000000000000e+02
1.750000000000000000e+03 7.514285714290000442e+02
1.800000000000000000e+03 9.207999999999999545e+02
1.850000000000000000e+03 1.218000000000000000e+03
1.875000000000000000e+03 1.325000000000000000e+03
1.900000000000000000e+03 1.647142857139999933e+03
1.920000000000000000e+03 1.813000000000000000e+03
1.925000000000000000e+03 2.000000000000000000e+03
1.930000000000000000e+03 1.987000000000000000e+03
1.940000000000000000e+03 2.213000000000000000e+03
1.950000000000000000e+03 2.495000000000000000e+03
1.955000000000000000e+03 2.626000000000000000e+03
1.960000000000000000e+03 3.019500000000000000e+03
1.965000000000000000e+03 3.336000000000000000e+03
1.970000000000000000e+03 3.676000000000000000e+03
1.975000000000000000e+03 3.957250000000000000e+03
1.980000000000000000e+03 4.437666666670000268e+03
1.985000000000000000e+03 4.851000000000000000e+03
1.990000000000000000e+03 5.312500000000000000e+03
