8.800000000000000711e+00 -3.923380317654204946e-02
8.599999999999999645e+00 1.462299127874111364e-02
7.200000000000000178e+00 2.950706914009578741e-01
6.500000000000000000e+00 2.600946055816062974e-01
1.300000000000000044e+00 6.200859895615091766e-01
4.000000000000000000e+00 -3.971498098638474583e-01
3.300000000000000266e+00 -3.442962603988848902e-01
2.000000000000000000e+00 2.238907791412356185e-01
2.000000000000000111e-01 9.900249722395764174e-01
2.700000000000000178e+00 -1.424493700460119083e-01
5.300000000000000711e+00 -7.580311158558397655e-02
8.200000000000001066e+00 1.222153017841371980e-01
1.000000000000000000e+00 7.651976865579666054e-01
5.200000000000000178e+00 -1.102904397909863499e-01
9.600000000000001421e+00 -2.089787183688726069e-01
8.200000000000001066e+00 1.222153017841371980e-01
1.000000000000000000e+00 7.651976865579666054e-01
5.900000000000000355e+00 1.220333545928227598e-01
1.300000000000000044e+00 6.200859895615091766e-01
5.800000000000000711e+00 9.170256757481642929e-02
1.100000000000000089e+00 7.196220185275110648e-01
2.700000000000000178e+00 -1.424493700460119083e-01
5.100000000000000533e+00 -1.443347470605002569e-01
4.700000000000000178e+00 -2.693307894197528030e-01
8.900000000000000355e+00 -6.525324685124436752e-02
6.300000000000000711e+00 2.238120061321911269e-01
5.600000000000000533e+00 2.697088468511476406e-02
4.200000000000000178e+00 -3.765570543675675896e-01
2.200000000000000178e+00 1.103622669221738239e-01
8.000000000000000000e+00 1.716508071375539013e-01
1.700000000000000178e+00 3.979848594461094513e-01
6.100000000000000533e+00 1.772914222427436626e-01
1.900000000000000133e+00 2.818185593743853246e-01
1.000000000000000056e-01 9.975015620660401261e-01
1.800000000000000044e+00 3.399864110425583341e-01
2.900000000000000355e+00 -2.243115457919682421e-01
4.400000000000000355e+00 -3.422567900038855915e-01
8.500000000000000000e+00 4.193925184293443437e-02
2.100000000000000089e+00 1.666069803319903675e-01
1.800000000000000044e+00 3.399864110425583341e-01
9.099999999999999645e+00 -1.142392326831991323e-01
2.600000000000000089e+00 -9.680495439703841465e-02
2.400000000000000355e+00 2.507683297243783107e-03
8.000000000000000444e-01 8.462873527504801707e-01
2.000000000000000111e-01 9.900249722395764174e-01
3.700000000000000178e+00 -3.992302033711912501e-01
1.300000000000000044e+00 6.200859895615091766e-01
8.599999999999999645e+00 1.462299127874111364e-02
7.000000000000000000e+00 3.000792705195556298e-01
7.700000000000000178e+00 2.345591395864640716e-01
1.600000000000000089e+00 4.554021676393806839e-01
7.000000000000000000e+00 3.000792705195556298e-01
7.300000000000000711e+00 2.882169476350144310e-01
4.800000000000000711e+00 -2.404253272911832939e-01
5.800000000000000711e+00 9.170256757481642929e-02
2.000000000000000111e-01 9.900249722395764174e-01
5.000000000000000000e+00 -1.775967713143383753e-01
2.900000000000000355e+00 -2.243115457919682421e-01
8.300000000000000711e+00 9.600610089501025735e-02
5.200000000000000178e+00 -1.102904397909863499e-01
6.000000000000000888e-01 9.120048634972106605e-01
4.900000000000000355e+00 -2.097383275853260676e-01
5.800000000000000711e+00 9.170256757481642929e-02
6.300000000000000711e+00 2.238120061321911269e-01
2.000000000000000000e+00 2.238907791412356185e-01
2.100000000000000089e+00 1.666069803319903675e-01
2.300000000000000266e+00 5.553978444560184191e-02
3.300000000000000266e+00 -3.442962603988848902e-01
2.000000000000000000e+00 2.238907791412356185e-01
2.300000000000000266e+00 5.553978444560184191e-02
4.100000000000000533e+00 -3.886696798358536542e-01
8.000000000000000000e+00 1.716508071375539013e-01
2.500000000000000000e+00 -4.838377646819788658e-02
8.000000000000000444e-01 8.462873527504801707e-01
3.000000000000000444e-01 9.776262465382961064e-01
5.800000000000000711e+00 9.170256757481642929e-02
8.200000000000001066e+00 1.222153017841371980e-01
2.600000000000000089e+00 -9.680495439703841465e-02
6.000000000000000888e-01 9.120048634972106605e-01
1.000000000000000056e-01 9.975015620660401261e-01
8.000000000000000444e-01 8.462873527504801707e-01
8.300000000000000711e+00 9.600610089501025735e-02
3.800000000000000266e+00 -4.025564101785641946e-01
4.400000000000000355e+00 -3.422567900038855915e-01
7.300000000000000711e+00 2.882169476350144310e-01
7.900000000000000355e+00 1.943618448412776367e-01
2.000000000000000000e+00 2.238907791412356185e-01
8.500000000000000000e+00 4.193925184293443437e-02
8.800000000000000711e+00 -3.923380317654204946e-02
2.800000000000000266e+00 -1.850360333643874533e-01
3.100000000000000089e+00 -2.920643476506975533e-01
7.300000000000000711e+00 2.882169476350144310e-01
5.100000000000000533e+00 -1.443347470605002569e-01
1.900000000000000133e+00 2.818185593743853246e-01
5.000000000000000000e+00 -1.775967713143383753e-01
5.000000000000000000e+00 -1.775967713143383753e-01
2.500000000000000000e+00 -4.838377646819788658e-02
4.000000000000000000e+00 -3.971498098638474583e-01
8.000000000000000000e+00 1.716508071375539013e-01
2.600000000000000089e+00 -9.680495439703841465e-02
