#Year Nh4[ppb] No3[ppb] So4[ppb]
2009 207.721107398566 580.166682297131 723.913661272077
2008 180.92077033543 503.948765625787 730.801810365833
2007 174.581482109003 420.185156349528 493.577113443129
2006 264.445689170898 514.252544964465 559.76447328596
2005 146.390587551866 403.104026966808 527.255299869981
2004 174.849932948584 424.568965001047 567.673418399794
2003 183.924934341906 425.785219062027 789.958691225414
2002 118.786852528549 286.994398852367 407.026622683522
2001 201.323000399999 460.191693432001 734.490910650001
2000 187.42083270142 333.737548706161 754.364512518958
1999 291.484981894736 657.859516818948 1129.03946764
1998 160.095470479301 401.885171026144 624.966565794117
1997 190.770533783783 390.5892015 617.910983904366
1996 162.603169817074 397.904363548779 565.532713666669
1995 159.809148813057 412.82600852671 591.483670640954
1994 191.874675480769 402.694178899038 709.460348439903
1993 205.889193589744 469.446728938463 851.093726179487
1992 161.939305241935 333.766913770162 679.677808673388
1991 203.44006949891 465.801717732025 756.782176599127
1990 143.480621904762 393.340545508573 588.155967306662
1989 277.843107194244 566.663221386696 1011.91279186331
1988 187.722428395061 515.998057170371 699.945012096296
1987 191.902166260163 370.829139768291 628.071125656506
1986 227.967968840581 430.378869065217 758.515022644933
1985 231.7764 431.670964756251 851.073842849999
1984 273.325411004785 499.196202559812 925.500978500002
1983 167.637732664757 384.031655243554 599.788771905445
1982 251.594034263958 396.796237477158 767.050307913708
1981 150.475403571428 263.155789455357 549.505490875001
1980 176.086065977444 294.192943646614 596.77950725
1979 190.948823765433 298.782410962962 691.923385395062
1978 180.351125000001 273.841534523438 622.320341562501
1977 198.381886312849 324.74363458659 674.531917930168
1976 153.95138862069 282.979630196552 540.236791244826
1975 171.285883333334 251.545958333333 653.604091666667
1974 181.261672727273 327.377536163008 754.997430987458
1973 152.70907106599 264.33481626396 477.432203020303
1972 152.328588043478 285.074357070653 522.341540722826
1971 134.616883433735 260.793385987952 625.412737081326
1970 155.850054893617 269.929731982979 682.131177059575
1969 129.57921902834 276.483548283401 598.842159999999
1968 145.281202369668 262.358880867299 538.198431592417
1967 217.879233536584 393.675808170732 945.573148176829
1966 147.347289082969 281.509902144105 647.948505008733
1965 138.635647058823 225.602471348417 509.643614751131
1964 98.6290373831778 252.772827728972 381.333655990655
1963 160.739114385964 280.900463578947 778.316868
1962 127.438727306273 209.560338952029 467.642754656828
1961 134.274364609053 235.66898262963 536.572342962964
1960 111.655605017921 178.712363623656 471.334830129032
1959 170.774080310881 234.828073880829 618.212980217616
1958 144.086515384616 249.444089433567 440.38773986014
1957 91.9904233812951 147.641862625899 373.310314194244
1956 99.789376025237 208.027605640378 439.734490927446
1955 149.557865895954 285.891084971098 565.632183236994
1954 123.586069565217 221.275260869564 451.214108695652
1953 103.531960666667 189.923586666667 445.547572333333
1952 73.2182004739337 144.525388625592 259.71288578199
1951 99.1917223684209 144.218125 324.144993421053
1950 119.229920320856 217.445393048128 437.827759893048
1949 88.094388372093 166.182037984496 352.501539534884
1948 75.8198977142859 136.913494857143 247.450696571428
1947 80.5392946308726 165.106016107383 253.928520805369
1946 84.4674815165877 128.357199526066 268.309330805687
1945 72.6198320987656 145.879248559671 258.242012757201
1944 109.331724861879 179.525902209945 307.363396685082
1943 97.6475916666668 166.876666666667 310.005483333335
1942 86.890187121212 140.792305303031 312.692000757576
1941 84.9885090196078 140.360396078431 309.76782627451
1940 59.8656802292262 116.781797421204 204.181131232092
1939 88.9995049999999 155.8085805 210.4122585
1938 57.7007068000002 92.0993035999999 102.1376064
1937 63.6388267045454 100.15925 117.090142613636
1936 110.380282040816 152.858907346939 255.46636244898
1935 60.5635166666668 139.267866666666 136.991766666667
1934 85.1479344352618 129.134372176309 180.850758402204
1933 102.552646078431 124.012898039216 235.600782843137
1932 54.1104946472017 95.3046082725064 130.367754744525
1931 84.7522941489361 136.606801861702 220.726624202127
1930 101.564365033407 173.98370155902 227.196206904232
1929 90.6953319852941 175.211492279412 260.295441544118
1928 99.7277842519686 176.968981889763 249.580541338582
1927 72.9942485106385 121.651755744681 205.506262978723
1926 100.099829166667 160.636590104166 285.654472916667
1925 95.9670166666666 154.7698 99.2150833333332
1924 71.7989209923663 179.640166412214 231.261788167939
1923 52.2959127946128 91.5444690235689 100.829548484848
1922 62.5003734234232 113.993843243243 101.549553603604
1921 65.4166817567567 142.872267567567 119.288052702703
1920 73.0950421052633 114.8676066482 148.322045983379
1919 85.8550302752292 134.989234403669 185.379349999999
1918 125.614952450981 156.292183333333 201.833672058823
1917 78.2544808943089 108.440144715447 187.26759593496
1916 90.4550763358777 154.333202290076 189.030130152672
1915 52.1599843342039 86.9648357702351 139.909112793734
1914 69.7899948598132 100.215098130842 126.082391588785
1913 117.432046107784 159.749719760479 331.844355688622
1912 114.522783410138 198.65168202765 420.530953456221
1911 68.0444718446602 118.082301294499 136.38422459547
1910 80.285707647059 145.067096176471 144.043657941176
1909 99.7136354545454 139.68260090909 159.538723939394
1908 114.097055362319 146.364124057971 160.113443478261
1907 122.083629015544 155.312379792747 250.579632642486
1906 64.6489256097562 132.583831707317 80.4987146341463
1905 66.5759857142857 118.032186263736 89.3137692307691
1904 169.752809722223 224.860701851852 206.01255
1903 65.876262195122 112.022375 102.107918292683
1902 103.155436458334 114.655387847222 129.801267361111
1901 118.893610333333 163.319404666667 130.411535
1900 70.480318939394 94.2564500000001 105.632
1899 78.3183775956283 114.925984699454 82.9864480874316
1898 120.027688679245 212.042533333333 208.63746100629
1897 81.1434725274726 149.256891208791 114.563593406593
1896 75.6651509615385 134.73339375 116.078319230769
1895 95.9302403433477 152.068460944206 159.242048497854
1894 85.6201048899756 177.09373202934 143.451814914426
1893 124.352278899083 208.406070183486 159.203354587156
1892 82.1789173184357 156.409353631285 150.009455307262
1891 85.4557893203882 140.317211650485 124.398566019418
1890 58.5287932098765 124.616013580247 176.891588888889
1889 87.5577807272728 137.082928363636 152.532054181818
1888 75.1969046511629 138.328995348838 90.1165662790696
1887 82.3863742857142 154.352795 113.912760714286
1886 72.9376305084744 142.670670762712 89.5191864406782
1885 50.6941 92.7287333333333 92.4946
1884 135.506125 202.145875 176.15635
1883 59.9310152284265 126.971084517766 123.794699746192
1882 57.8042149999999 124.1079375 122.38077
1881 92.1598261484098 143.242362190813 155.73313180212
1880 59.7862487603307 178.741563636364 96.9715446280993
1879 84.67760969163 132.382703524229 143.502157709251
1878 69.9190876923077 144.263752307692 88.185416923077
1877 40.0108605633803 122.253438732395 179.038154929578
1876 nan nan nan  
1875 67.1059584070797 116.554478761062 127.780690265487
1874 67.3440333333332 96.8135893333334 114.738030666666
1873 93.2582153846152 139.879706666667 146.256411794872
1872 79.2425580838324 128.370311377246 108.896938922156
1871 44.377312328767 101.445293150685 78.6546260273971
1870 79.85422625 109.806726875 100.827589375
1869 120.636407692308 186.804641025641 175.457261538461
1868 53.4049846153846 115.163352564103 73.7373320512821
1867 29.6721111111111 47.2710688888888 48.1061633333333
1866 60.0574604761906 100.961772857143 107.176922380952
1865 57.7622902912623 134.934753398058 94.2236087378639
1864 74.5446824324325 125.279917567568 135.415066216216
1863 105.838771910113 192.296670786517 329.801485393259
1862 58.5642518987342 119.636293670886 113.1361375
1861 56.9327006172839 144.483421604938 131.010909876543
1860 74.3772064516129 148.576503225806 159.462309677419
1859 72.0397666666666 147.782074561403 141.067093421053
1858 51.7272488888889 99.78298 72.9240888888889
1857 146.615865942029 205.794769565217 188.993118115942
1856 64.6204137055837 121.979783248731 88.8756208121828
1855 63.7718625 167.624019318182 113.766046590909
1854 64.0395902439025 144.776145121951 199.441981707317
1853 76.6179538461538 166.617866666667 105.532151282051
1852 46.8179523809525 162.17823968254 122.565563492064
1851 62.8533027272728 138.757047272727 126.968016363636
1850 88.0445444444445 196.813466666667 128.913204761905
1849 44.839775 146.0939 131.6887
1848 57.7220508771931 140.726260818714 152.604185380117
1847 56.0081872340425 157.768203191489 181.030775531915
1846 48.115156923077 134.963659230769 127.474846153846
1845 42.7370760869565 96.344025 95.1530032608695
1844 58.4826430555555 142.550245833333 120.661540277778
1843 44.3786761904762 112.783161904762 104.487904761905
1842 55.04945 121.2639 125.73995
1841 33.3500714285715 92.1109880952381 163.746589285714
1840 77.32526 155.74755 170.574225555556
1839 51.3763176923077 120.635628461538 99.0687853846155
1838 61.4039188888889 134.797341111111 168.88894
1837 49.047652238806 129.222697014925 242.937692537313
1836 77.0446499999999 144.9224 203.000675
1835 37.8642611111111 91.47147 84.4386211111111
1834 44.9568905882353 92.9093588235295 65.9917552941177
1833 52.2693421686747 111.84098433735 112.990450602409
1832 53.8721585365854 107.600624390244 76.3411536585366
1831 92.5562354838709 161.754803225806 144.155706451613
1830 80.8216476190476 201.349823809524 124.192266666667
1829 66.2548037037037 150.925837037037 98.0331592592592
1828 54.9966 103.981075 101.45205
1827 43.9163351851852 83.2062222222223 69.4104703703704
1826 40.89591 138.72724 169.6279
1825 35.47184 105.05268 76.1924999999999
1824 40.2239784482759 119.219756896552 131.207414655172
1823 33.6253970414201 114.309096449704 99.2535964497041
1822 54.9708771428572 160.846978095238 117.858881904762
1821 42.9400029411764 121.295208823529 120.961374509804
1820 49.0105462809918 135.189528099174 169.84895123967
1819 39.3430518518518 121.085696296296 90.8884567901236
1818 49.8447231481482 113.22967037037 100.327690740741
1817 71.82015 169.1632 122.419183333333
1816 69.2626 161.28882 119.14862
1815 58.5236790123457 165.030967901235 136.830802469136
1814 72.5818833333334 169.910333333333 173.78075
1813 62.1739552486188 138.439269060773 125.451249171271
1812 55.9339052083334 133.720042708333 120.219570833334
1811 52.1482121951219 120.893136585366 105.573147560976
1810 47.9799416666667 117.283444047619 97.5136309523809
1809 58.2045073529411 172.129516176471 154.033127941177
1808 59.8404754545455 165.975454545455 149.130593636364
1807 42.082627027027 118.5365 95.8795864864865
1806 51.8386868686868 132.335743434343 134.90662020202
1805 51.497503030303 123.327881818182 101.370606060606
1804 40.6470740740741 103.963860493827 145.601824691358
1803 47.2931305343511 124.222752671756 97.1782610687024
1802 54.0525666666667 116.205668627451 134.48612745098
1801 32.5541901098901 82.4899175824176 80.6932307692307
1800 36.0697945054944 83.4272142857143 81.6958857142857
1799 42.1161 128.407695918367 124.011575510204
1798 44.1349791946308 134.690909395973 113.743694630873
1797 41.8089365384615 126.467255769231 131.188999038461
1796 36.3420115384615 108.526173076923 101.167955128205
1795 31.2002638297872 107.586940425532 109.268965957447
1794 40.8010711538462 94.2428557692308 93.4167865384616
1793 63.6851867469879 146.899180722891 103.093613253012
1792 42.9328666666667 112.563112698413 99.8148555555556
1791 22.3106463414634 76.7064853658537 66.6043390243902
1790 31.3794 122.46395 61.051
1789 39.1284607142857 88.4879392857144 82.6551089285715
1788 39.4278669064748 94.5928338129496 90.0865050359711
1787 43.5287721428571 105.123812142857 120.114575
1786 55.0481333333333 138.1448 163.108833333333
1785 48.607332038835 105.550447572815 125.056554368932
1784 39.2867902777778 103.146086111111 98.8108319444444
1783 47.5931390243903 84.4873609756097 73.9927560975609
1782 42.8529041666667 85.704238888889 83.9615208333334
1781 54.7294791666667 146.798915277778 122.426109722222
1780 64.4194042857143 130.113145714286 138.655026666667
1779 55.3296725352113 103.191157746479 108.48924084507
1778 49.3461777777778 124.887490849673 115.195903267974
1777 56.7056352941177 144.136530147059 149.725681617647
1776 40.90858 110.6457 126.35322
1775 41.0427925675675 105.507387837838 110.612187837838
1774 45.2945428571429 109.683408163265 110.045702040816
